DATE	PREC_IDW3	TEMP	QOBS
31/12/99	2.977	17.6	7.548736908
01/01/00	17.518	17.6	7.248389286
02/01/00	10.693	17.6	8.770150572
03/01/00	0.703	17.6	7.168296586
04/01/00	2.49	17.6	6.627670866
05/01/00	32.645	17.6	6.687740391
06/01/00	26.222	17.6	12.65464649
07/01/00	16.598	17.6	9.170614069
08/01/00	7.057	17.6	9.511008041
09/01/00	8.326	17.6	8.589941999
10/01/00	0	17.6	7.488667384
11/01/00	0.164	17.6	6.847925789
12/01/00	21.731	17.6	6.427439118
13/01/00	90.793	17.6	14.65696397
14/01/00	121.755	17.6	47.25469258
15/01/00	54.009	17.6	43.85075286
16/01/00	7.504	17.6	25.82989552
17/01/00	82.754	17.6	26.43059077
18/01/00	8.315	17.6	32.43754321
19/01/00	0.13	17.6	18.00083417
20/01/00	0.69	17.6	14.19643095
21/01/00	21.935	17.6	12.57455379
22/01/00	4.203	17.6	12.31425252
23/01/00	0.503	17.6	10.09168011
24/01/00	1.126	17.6	9.130567719
25/01/00	1.039	17.6	8.489826125
26/01/00	6.87	17.6	7.989246754
27/01/00	4.086	17.6	7.88913088
28/01/00	0.658	17.6	7.34850516
29/01/00	1.128	17.6	6.80787944
30/01/00	1.25	17.6	6.567601342
31/01/00	2.812	17.6	6.147114671
01/02/00	0.338	17.6	5.966906097
02/02/00	0.702	17.6	5.6465353
03/02/00	8.365	17.6	5.426280377
04/02/00	17.334	17.6	6.587624517
05/02/00	34.928	17.6	6.22720737
06/02/00	34.34	17.6	11.03276933
07/02/00	0.552	17.6	10.49214361
08/02/00	1.9	17.6	7.048157538
09/02/00	0.117	17.6	6.287276894
10/02/00	0.07	17.6	5.826743873
11/02/00	0.099	17.6	5.746651174
12/02/00	0.03	17.6	5.666558475
13/02/00	0.387	17.6	5.566442601
14/02/00	0.09	17.6	5.486349901
15/02/00	0.29	17.6	5.406257202
16/02/00	8.643	17.6	5.326164503
17/02/00	0.013	17.6	5.246071804
18/02/00	28.844	17.6	5.246071804
19/02/00	7.27	17.6	6.006952447
20/02/00	12.002	17.6	5.60648895
21/02/00	88.712	17.6	20.02317482
22/02/00	82.397	17.6	34.0393972
23/02/00	0.464	17.6	14.01622238
24/02/00	0.367	17.6	8.009269929
25/02/00	0.159	17.6	7.909154055
26/02/00	4.572	17.6	7.809038181
27/02/00	1.349	17.6	7.708922307
28/02/00	0.574	17.6	7.608806433
29/02/00	0.022	17.6	7.508690558
01/03/00	0.022	17.6	7.448621034
02/03/00	0	17.6	7.248389286
03/03/00	0.151	17.6	6.567601342
04/03/00	0.518	17.6	6.647694041
05/03/00	0.386	17.6	6.948041663
06/03/00	5.77	17.6	6.447462293
07/03/00	5.062	17.6	6.487508643
08/03/00	6.821	17.6	6.507531817
09/03/00	0.288	17.6	6.347346419
10/03/00	0	17.6	6.006952447
11/03/00	0.575	17.6	5.786697524
12/03/00	0.182	17.6	5.6465353
13/03/00	0.157	17.6	5.526396251
14/03/00	1.278	17.6	5.366210852
15/03/00	0.837	17.6	5.10590958
16/03/00	0.51	17.6	5.306141328
17/03/00	0.108	17.6	5.06586323
18/03/00	1.104	17.6	4.825585132
19/03/00	0.16	17.6	4.805561957
20/03/00	1.208	17.6	4.865631482
21/03/00	0	17.6	4.865631482
22/03/00	0.051	17.6	4.865631482
23/03/00	0	17.6	4.385075286
24/03/00	0.022	17.6	4.445144811
25/03/00	3.758	17.6	4.865631482
26/03/00	1.229	17.6	4.445144811
27/03/00	0.387	17.6	4.585307034
28/03/00	0.323	17.6	4.545260685
29/03/00	0.1	17.6	4.345028936
30/03/00	0.621	17.6	3.98461179
31/03/00	0.299	17.6	3.924542265
01/04/00	0	17.6	4.204866713
02/04/00	0.392	17.6	3.804403216
03/04/00	0.516	17.6	3.90451909
04/04/00	0	17.6	3.98461179
05/04/00	1.653	17.6	3.604171468
06/04/00	0.217	17.6	3.524078769
07/04/00	0.051	17.6	3.183684797
08/04/00	30.724	17.6	3.163661622
09/04/00	43.74	17.6	10.7324217
10/04/00	0.79	17.6	13.69585158
11/04/00	1.06	17.6	7.708922307
12/04/00	0.656	17.6	6.847925789
13/04/00	4.156	17.6	6.507531817
14/04/00	6.183	17.6	6.567601342
15/04/00	1.173	17.6	6.267253719
16/04/00	1.884	17.6	5.886813398
17/04/00	1.13	17.6	5.846767048
18/04/00	2.199	17.6	5.746651174
19/04/00	3.03	17.6	5.706604824
20/04/00	1.268	17.6	5.806720699
21/04/00	1.444	17.6	5.586465775
22/04/00	1.513	17.6	5.506373076
23/04/00	0.577	17.6	5.426280377
24/04/00	0.051	17.6	5.286118153
25/04/00	2.891	17.6	5.706604824
26/04/00	35.796	17.6	8.009269929
27/04/00	9.388	17.6	7.248389286
28/04/00	5.281	17.6	7.528713733
29/04/00	11.126	17.6	7.128250237
30/04/00	3.606	17.6	8.209501677
01/05/00	2.651	17.6	5.406257202
02/05/00	2.556	17.6	5.005793706
03/05/00	1.654	17.6	4.805561957
04/05/00	0.318	17.6	4.605330209
05/05/00	4.636	17.6	5.005793706
06/05/00	2.581	17.6	5.206025454
07/05/00	2.42	17.6	4.605330209
08/05/00	0.891	17.6	4.605330209
09/05/00	0.526	17.6	4.605330209
10/05/00	3.614	17.6	4.605330209
11/05/00	0.839	17.6	5.005793706
12/05/00	0.115	17.6	4.605330209
13/05/00	3.087	17.6	4.805561957
14/05/00	1.985	17.6	4.805561957
15/05/00	7.373	17.6	5.406257202
16/05/00	0.899	17.6	4.184843538
17/05/00	65.035	17.6	6.107068321
18/05/00	2.736	17.6	6.667717216
19/05/00	15.112	17.6	6.507531817
20/05/00	48.368	17.6	8.249548027
21/05/00	31.6	17.6	9.070498195
22/05/00	12.866	17.6	9.030451845
23/05/00	18.501	17.6	9.110544544
24/05/00	11.662	17.6	10.71239853
25/05/00	20.194	17.6	8.249548027
26/05/00	17.975	17.6	10.11170329
27/05/00	61.101	17.6	18.02085734
28/05/00	6.256	17.6	14.27652365
29/05/00	3.321	17.6	9.671193439
30/05/00	12.686	17.6	8.089362628
31/05/00	32.474	17.6	9.450938516
01/06/00	15.775	17.6	8.349663901
02/06/00	9.616	17.6	7.088203887
03/06/00	12.994	17.6	6.607647691
04/06/00	3.819	17.6	7.028134363
05/06/00	13.628	17.6	7.368528335
06/06/00	11.343	17.6	9.090521369
07/06/00	6.527	17.6	8.109385803
08/06/00	10.364	17.6	12.11402077
09/06/00	11.6	17.6	10.83253758
10/06/00	7.638	17.6	8.670034698
11/06/00	0.508	17.6	7.949200405
12/06/00	1.642	17.6	8.109385803
13/06/00	11.353	17.6	7.508690558
14/06/00	13.949	17.6	7.728945482
15/06/00	4.105	17.6	9.571077565
16/06/00	24.977	17.6	11.65348775
17/06/00	30.358	17.6	11.85371949
18/06/00	11.068	17.6	10.75244488
19/06/00	0.579	17.6	9.490984866
20/06/00	8.986	17.6	10.33195821
21/06/00	6.634	17.6	10.03161059
22/06/00	5.298	17.6	9.290753118
23/06/00	57.387	17.6	10.53218996
24/06/00	24.629	17.6	13.79596745
25/06/00	9.561	17.6	14.97733477
26/06/00	7.209	17.6	12.81483189
27/06/00	1.601	17.6	11.33311695
28/06/00	5.214	17.6	9.911471537
29/06/00	2.589	17.6	9.170614069
30/06/00	39.527	17.6	9.851402013
01/07/00	2.265	17.6	12.91494776
02/07/00	1.081	17.6	9.931494712
03/07/00	1.323	17.6	8.549895649
04/07/00	15.996	17.6	8.009269929
05/07/00	1.049	17.6	8.349663901
06/07/00	2.796	17.6	8.409733425
07/07/00	9.317	17.6	8.569918824
08/07/00	5.396	17.6	9.430915341
09/07/00	4.582	17.6	7.92917723
10/07/00	13.784	17.6	7.468644209
11/07/00	0.104	17.6	9.370845817
12/07/00	12.456	17.6	7.34850516
13/07/00	31.975	17.6	7.208342936
14/07/00	3.734	17.6	12.81483189
15/07/00	10.747	17.6	8.750127397
16/07/00	1.114	17.6	14.51680175
17/07/00	0.055	17.6	9.911471537
18/07/00	4	17.6	8.349663901
19/07/00	0.716	17.6	7.568760083
20/07/00	0.005	17.6	7.108227062
21/07/00	10.622	17.6	6.827902614
22/07/00	7.49	17.6	8.109385803
23/07/00	10.722	17.6	14.3966627
24/07/00	44.629	17.6	11.59341822
25/07/00	34.515	17.6	14.85719572
26/07/00	10.177	17.6	13.07513316
27/07/00	30.972	17.6	14.85719572
28/07/00	28.224	17.6	16.05858621
29/07/00	6.826	17.6	13.39550396
30/07/00	5.657	17.6	10.7324217
31/07/00	9.215	17.6	9.531031216
01/08/00	0.661	17.6	9.430915341
02/08/00	5.653	17.6	9.63114709
03/08/00	17.925	17.6	10.77246805
04/08/00	6.99	17.6	10.61228266
05/08/00	40.083	17.6	15.21761287
06/08/00	10.67	17.6	15.09747382
07/08/00	5.257	17.6	16.75939733
08/08/00	23.964	17.6	15.33775191
09/08/00	3.716	17.6	12.59457696
10/08/00	0.588	17.6	10.51216678
11/08/00	3.662	17.6	10.09168011
12/08/00	0.8	17.6	10.19179598
13/08/00	1.508	17.6	9.070498195
14/08/00	5.579	17.6	8.950359146
15/08/00	3.103	17.6	8.209501677
16/08/00	0.03	17.6	7.648852782
17/08/00	3.662	17.6	7.368528335
18/08/00	0.159	17.6	7.128250237
19/08/00	0.013	17.6	7.168296586
20/08/00	2.299	17.6	6.847925789
21/08/00	2.112	17.6	6.507531817
22/08/00	10.431	17.6	6.427439118
23/08/00	3.841	17.6	6.607647691
24/08/00	6.933	17.6	6.467485468
25/08/00	0.708	17.6	9.030451845
26/08/00	0.758	17.6	11.15290838
27/08/00	23.666	17.6	13.43555031
28/08/00	1.752	17.6	11.79364997
29/08/00	2.806	17.6	10.13172646
30/08/00	18.895	17.6	10.67235218
31/08/00	3.122	17.6	9.911471537
01/09/00	4.166	17.6	9.63114709
02/09/00	27.344	17.6	18.48139036
03/09/00	1.744	17.6	13.13520268
04/09/00	19.586	17.6	11.57339505
05/09/00	0.756	17.6	10.13172646
06/09/00	7.917	17.6	10.09168011
07/09/00	3.21	17.6	9.811355663
08/09/00	1.104	17.6	9.611123915
09/09/00	51.799	17.6	17.36009257
10/09/00	9.656	17.6	8.569918824
11/09/00	24.045	17.6	8.790173747
12/09/00	20.531	17.6	8.449779775
13/09/00	4.557	17.6	7.208342936
14/09/00	21.902	17.6	9.731262964
15/09/00	28.625	17.6	11.03276933
16/09/00	18.87	17.6	10.8125144
17/09/00	16.046	17.6	12.23415982
18/09/00	15.396	17.6	9.711239789
19/09/00	6.242	17.6	9.410892167
20/09/00	26.692	17.6	10.8125144
21/09/00	32.398	17.6	13.01506363
22/09/00	1.335	17.6	9.611123915
23/09/00	8.078	17.6	9.01042867
24/09/00	6.917	17.6	8.449779775
25/09/00	11.797	17.6	8.109385803
26/09/00	6.983	17.6	7.809038181
27/09/00	9.051	17.6	7.38855151
28/09/00	5.328	17.6	7.108227062
29/09/00	6.77	17.6	6.687740391
30/09/00	27.906	17.6	9.430915341
01/10/00	12.685	17.6	8.589941999
02/10/00	4.124	17.6	7.368528335
03/10/00	20.423	17.6	10.43207408
04/10/00	0.465	17.6	7.468644209
05/10/00	20.037	17.6	10.13172646
06/10/00	0.531	17.6	7.488667384
07/10/00	1.664	17.6	6.948041663
08/10/00	15.103	17.6	7.468644209
09/10/00	0.468	17.6	7.108227062
10/10/00	1.884	17.6	6.347346419
11/10/00	9.424	17.6	6.567601342
12/10/00	2.414	17.6	6.207184195
13/10/00	5.353	17.6	5.986929272
14/10/00	4.429	17.6	6.026975622
15/10/00	22.873	17.6	10.87258393
16/10/00	11.155	17.6	6.427439118
17/10/00	16.945	17.6	6.387392768
18/10/00	38.083	17.6	6.988088013
19/10/00	47.683	17.6	30.23499398
20/10/00	2.518	17.6	10.07165694
21/10/00	19.82	17.6	10.11170329
22/10/00	4.936	17.6	8.690057873
23/10/00	2.466	17.6	7.84908453
24/10/00	2.998	17.6	7.328481985
25/10/00	1.078	17.6	7.148273412
26/10/00	0.371	17.6	6.76783309
27/10/00	3.455	17.6	6.467485468
28/10/00	35.581	17.6	6.487508643
29/10/00	42.731	17.6	14.71703349
30/10/00	26.766	17.6	14.3966627
31/10/00	5.855	17.6	12.09399759
01/11/00	43.478	17.6	17.19990717
02/11/00	13.084	17.6	13.37548078
03/11/00	3.838	17.6	10.95267663
04/11/00	13.19	17.6	10.55221313
05/11/00	1.81	17.6	10.39202773
06/11/00	1.448	17.6	9.370845817
07/11/00	0.88	17.6	8.750127397
08/11/00	3.41	17.6	8.209501677
09/11/00	0.226	17.6	7.789015006
10/11/00	6.357	17.6	7.38855151
11/11/00	4.669	17.6	7.268412461
12/11/00	1.001	17.6	6.827902614
13/11/00	0.083	17.6	6.527554992
14/11/00	0.432	17.6	6.207184195
15/11/00	3.636	17.6	6.147114671
16/11/00	13.132	17.6	5.886813398
17/11/00	18.819	17.6	7.408574684
18/11/00	11.12	17.6	7.789015006
19/11/00	117.707	17.6	33.03823846
20/11/00	5.726	17.6	16.6993278
21/11/00	1.402	17.6	9.511008041
22/11/00	6.88	17.6	8.389710251
23/11/00	1.47	17.6	7.628829607
24/11/00	0.028	17.6	6.988088013
25/11/00	0.889	17.6	6.547578167
26/11/00	0.049	17.6	6.207184195
27/11/00	1.007	17.6	5.906836573
28/11/00	2.515	17.6	5.766674349
29/11/00	25.167	17.6	5.886813398
30/11/00	38.977	17.6	12.57455379
01/12/00	1.877	17.6	7.068180712
02/12/00	79.921	17.6	18.90187703
03/12/00	21.232	17.6	23.62734629
04/12/00	58.656	17.6	24.22804154
05/12/00	71.401	17.6	48.45608307
06/12/00	4.57	17.6	31.23615272
07/12/00	12.06	17.6	22.22572405
08/12/00	42.25	17.6	17.94076464
09/12/00	14.154	17.6	22.0254923
10/12/00	0	17.6	13.77594428
11/12/00	1.497	17.6	11.85371949
12/12/00	2.651	17.6	10.55221313
13/12/00	2.176	17.6	9.911471537
14/12/00	0.967	17.6	9.05047502
15/12/00	3.277	17.6	8.5098493
16/12/00	0.06	17.6	7.969223579
17/12/00	2.466	17.6	7.508690558
18/12/00	0.06	17.6	7.128250237
19/12/00	3.855	17.6	6.827902614
20/12/00	5.186	17.6	6.747809915
21/12/00	1.299	17.6	5.926859747
22/12/00	8.125	17.6	6.347346419
23/12/00	18.868	17.6	6.547578167
24/12/00	43.539	17.6	10.33195821
25/12/00	21.689	17.6	13.6758284
26/12/00	9.03	17.6	8.990405495
27/12/00	1.076	17.6	7.588783258
28/12/00	0.463	17.6	7.028134363
29/12/00	2.92	17.6	6.72778674
30/12/00	9.837	17.6	6.407415943
31/12/00	27.171	17.6	8.589941999
01/01/01	34.186	17.6	12.93497094
02/01/01	45.737	17.6	16.59921193
03/01/01	21.61	17.6	14.0762919
04/01/01	0.782	17.6	11.57339505
05/01/01	18.758	17.6	9.991564236
06/01/01	18.638	17.6	12.69469284
07/01/01	2.384	17.6	10.41205091
08/01/01	0.305	17.6	9.390868992
09/01/01	0.748	17.6	8.650011523
10/01/01	0.702	17.6	8.069339453
11/01/01	0.112	17.6	7.648852782
12/01/01	0	17.6	7.268412461
13/01/01	2.128	17.6	7.128250237
14/01/01	0	17.6	6.667717216
15/01/01	0.185	17.6	6.547578167
16/01/01	0.908	17.6	6.307300069
17/01/01	0.03	17.6	6.046998796
18/01/01	1.194	17.6	5.966906097
19/01/01	2.404	17.6	5.926859747
20/01/01	0.356	17.6	5.706604824
21/01/01	11.34	17.6	5.506373076
22/01/01	38.526	17.6	6.827902614
23/01/01	69.694	17.6	17.0997913
24/01/01	45.325	17.6	20.22340657
25/01/01	63.674	17.6	24.42827328
26/01/01	36.149	17.6	34.43986069
27/01/01	0.068	17.6	20.42363832
28/01/01	0	17.6	14.0762919
29/01/01	0.051	17.6	11.7736268
30/01/01	0	17.6	10.43207408
31/01/01	0	17.6	9.55105439
01/02/01	0	17.6	8.910312796
02/02/01	0.437	17.6	8.369687076
03/02/01	0	17.6	7.869107705
04/02/01	1.394	17.6	7.568760083
05/02/01	0.908	17.6	5.085886405
06/02/01	0	17.6	5.045840055
07/02/01	0.212	17.6	6.707763566
08/02/01	7.428	17.6	6.547578167
09/02/01	10.372	17.6	6.567601342
10/02/01	27.189	17.6	7.568760083
11/02/01	3.503	17.6	7.84908453
12/02/01	2.204	17.6	6.507531817
13/02/01	1.838	17.6	6.127091496
14/02/01	2.254	17.6	6.006952447
15/02/01	5.843	17.6	5.886813398
16/02/01	0.916	17.6	5.866790223
17/02/01	0.268	17.6	5.546419426
18/02/01	0.352	17.6	5.426280377
19/02/01	0.065	17.6	5.226048629
20/02/01	0.065	17.6	4.905677832
21/02/01	0	17.6	4.56528386
22/02/01	0	17.6	4.505214335
23/02/01	0	17.6	4.425121636
24/02/01	0	17.6	4.365052111
25/02/01	0.166	17.6	4.244913062
26/02/01	0.078	17.6	4.164820363
27/02/01	0.051	17.6	4.044681314
28/02/01	0.449	17.6	3.964588615
01/03/01	2.243	17.6	3.94456544
02/03/01	0.14	17.6	3.924542265
03/03/01	0.041	17.6	3.884495916
04/03/01	0.491	17.6	3.764356867
05/03/01	0	17.6	3.644217818
06/03/01	17.521	17.6	3.644217818
07/03/01	8.362	17.6	4.284959412
08/03/01	1.573	17.6	3.98461179
09/03/01	0.065	17.6	3.624194643
10/03/01	0.081	17.6	3.443986069
11/03/01	0.005	17.6	3.40393972
12/03/01	0	17.6	3.383916545
13/03/01	0	17.6	3.323847021
14/03/01	1.979	17.6	3.303823846
15/03/01	0.046	17.6	3.283800671
16/03/01	0.051	17.6	3.103592097
17/03/01	1.08	17.6	4.144797188
18/03/01	0.095	17.6	4.064704489
19/03/01	2.364	17.6	3.964588615
20/03/01	1.974	17.6	4.004634965
21/03/01	0.252	17.6	4.004634965
22/03/01	7.492	17.6	3.844449566
23/03/01	2.278	17.6	4.124774013
24/03/01	1.509	17.6	3.784380041
25/03/01	5.701	17.6	3.844449566
26/03/01	1.711	17.6	3.684264167
27/03/01	0.397	17.6	3.804403216
28/03/01	0.013	17.6	3.764356867
29/03/01	0	17.6	3.764356867
30/03/01	0.24	17.6	3.423962895
31/03/01	0.369	17.6	3.604171468
01/04/01	0.051	17.6	3.423962895
02/04/01	0	17.6	3.343870195
03/04/01	0.051	17.6	3.464009244
04/04/01	0	17.6	3.40393972
05/04/01	0.094	17.6	3.283800671
06/04/01	0	17.6	3.243754321
07/04/01	0.322	17.6	3.223731146
08/04/01	19.752	17.6	3.684264167
09/04/01	4.936	17.6	3.784380041
10/04/01	0.91	17.6	3.40393972
11/04/01	1.085	17.6	3.163661622
12/04/01	8.711	17.6	3.123615272
13/04/01	17.935	17.6	3.423962895
14/04/01	9.302	17.6	4.385075286
15/04/01	3.568	17.6	3.98461179
16/04/01	2.821	17.6	3.303823846
17/04/01	2.191	17.6	3.123615272
18/04/01	5.425	17.6	3.484032419
19/04/01	5.914	17.6	3.423962895
20/04/01	1.572	17.6	3.744333692
21/04/01	0.265	17.6	3.443986069
22/04/01	0.457	17.6	3.223731146
23/04/01	0	17.6	3.043522573
24/04/01	0	17.6	3.083568923
25/04/01	0.641	17.6	3.023499398
26/04/01	0.005	17.6	2.362734629
27/04/01	0.887	17.6	2.28264193
28/04/01	11.385	17.6	2.362734629
29/04/01	18.457	17.6	3.023499398
30/04/01	7.09	17.6	2.963429874
01/05/01	1.496	17.6	2.663082251
02/05/01	0.404	17.6	2.582989552
03/05/01	0.115	17.6	2.422804154
04/05/01	0.005	17.6	2.28264193
05/05/01	0	17.6	2.28264193
06/05/01	0	17.6	2.162502881
07/05/01	0	17.6	2.102433356
08/05/01	1.962	17.6	2.482873678
09/05/01	0	17.6	2.422804154
10/05/01	1.971	17.6	2.28264193
11/05/01	0.954	17.6	2.322688279
12/05/01	3.623	17.6	2.222572405
13/05/01	0.169	17.6	2.362734629
14/05/01	5.565	17.6	2.162502881
15/05/01	6.242	17.6	2.24259558
16/05/01	5.763	17.6	2.20254923
17/05/01	15.105	17.6	2.743174951
18/05/01	27.023	17.6	4.965747356
19/05/01	14.03	17.6	5.286118153
20/05/01	2.916	17.6	3.464009244
21/05/01	1.441	17.6	3.744333692
22/05/01	17.658	17.6	3.484032419
23/05/01	19.333	17.6	5.426280377
24/05/01	1.169	17.6	3.784380041
25/05/01	7.276	17.6	3.223731146
26/05/01	17.213	17.6	5.286118153
27/05/01	4.087	17.6	4.52523751
28/05/01	35.182	17.6	7.428597859
29/05/01	25.102	17.6	7.728945482
30/05/01	33.09	17.6	12.37432204
31/05/01	6.522	17.6	8.029293104
01/06/01	5.391	17.6	5.68658165
02/06/01	37.223	17.6	8.4297566
03/06/01	18.035	17.6	7.288435635
04/06/01	6.228	17.6	6.127091496
05/06/01	6.337	17.6	5.68658165
06/06/01	14.927	17.6	5.806720699
07/06/01	1.972	17.6	4.985770531
08/06/01	26.625	17.6	6.147114671
09/06/01	37.415	17.6	11.81367315
10/06/01	3.569	17.6	7.168296586
11/06/01	1.265	17.6	5.946882922
12/06/01	4.271	17.6	5.346187678
13/06/01	12.32	17.6	4.805561957
14/06/01	1.821	17.6	5.085886405
15/06/01	0.443	17.6	4.365052111
16/06/01	0.761	17.6	4.044681314
17/06/01	2.125	17.6	3.90451909
18/06/01	0.941	17.6	3.664240993
19/06/01	36.669	17.6	4.505214335
20/06/01	10.512	17.6	6.207184195
21/06/01	7.53	17.6	4.965747356
22/06/01	1.503	17.6	4.325005762
23/06/01	9.815	17.6	4.064704489
24/06/01	31.595	17.6	5.466326727
25/06/01	32.709	17.6	8.229524852
26/06/01	36.596	17.6	10.75244488
27/06/01	47.378	17.6	13.03508681
28/06/01	62.77	17.6	15.37779826
29/06/01	25.016	17.6	30.43522573
30/06/01	2.701	17.6	14.73705667
01/07/01	23.213	17.6	13.15522586
02/07/01	4.736	17.6	10.37200456
03/07/01	2.877	17.6	8.910312796
04/07/01	35.008	17.6	9.250706768
05/07/01	7.375	17.6	10.01158741
06/07/01	2.644	17.6	8.489826125
07/07/01	10.032	17.6	7.989246754
08/07/01	6.797	17.6	7.468644209
09/07/01	4.1	17.6	6.887972139
10/07/01	35.957	17.6	11.83369632
11/07/01	31.44	17.6	10.75244488
12/07/01	2.513	17.6	9.110544544
13/07/01	1.917	17.6	7.628829607
14/07/01	4.033	17.6	7.068180712
15/07/01	2.202	17.6	6.527554992
16/07/01	6.34	17.6	6.427439118
17/07/01	24.962	17.6	5.906836573
18/07/01	76.532	17.6	26.23035902
19/07/01	19.49	17.6	11.7736268
20/07/01	12.458	17.6	11.65348775
21/07/01	0.028	17.6	9.410892167
22/07/01	0.313	17.6	8.549895649
23/07/01	4.814	17.6	8.029293104
24/07/01	4.201	17.6	7.368528335
25/07/01	3.92	17.6	7.108227062
26/07/01	3.424	17.6	6.647694041
27/07/01	1.995	17.6	6.22720737
28/07/01	0.654	17.6	5.846767048
29/07/01	0.692	17.6	5.586465775
30/07/01	10.802	17.6	5.846767048
31/07/01	5.23	17.6	5.446303552
01/08/01	0.622	17.6	5.085886405
02/08/01	0.757	17.6	4.925701006
03/08/01	21.229	17.6	5.626512125
04/08/01	15.298	17.6	6.207184195
05/08/01	0.049	17.6	5.266094978
06/08/01	2.329	17.6	4.745492433
07/08/01	10.422	17.6	4.845608307
08/08/01	1.598	17.6	4.805561957
09/08/01	15.011	17.6	5.806720699
10/08/01	2.333	17.6	4.925701006
11/08/01	5.22	17.6	4.625353384
12/08/01	23.754	17.6	4.605330209
13/08/01	5.296	17.6	6.547578167
14/08/01	16.027	17.6	6.267253719
15/08/01	36.91	17.6	5.786697524
16/08/01	5.47	17.6	10.8926071
17/08/01	60.005	17.6	8.950359146
18/08/01	12.844	17.6	18.92190021
19/08/01	0	17.6	10.29191186
20/08/01	3.133	17.6	8.449779775
21/08/01	31.35	17.6	11.57339505
22/08/01	10.799	17.6	10.37200456
23/08/01	20.986	17.6	11.81367315
24/08/01	35.351	17.6	10.77246805
25/08/01	2.131	17.6	10.11170329
26/08/01	6.623	17.6	9.05047502
27/08/01	6.602	17.6	8.269571202
28/08/01	3.925	17.6	7.708922307
29/08/01	1.574	17.6	7.088203887
30/08/01	6.062	17.6	6.707763566
31/08/01	10.182	17.6	6.72778674
01/09/01	2.657	17.6	6.167137845
02/09/01	1.55	17.6	5.866790223
03/09/01	14.73	17.6	6.067021971
04/09/01	4.323	17.6	5.806720699
05/09/01	14.471	17.6	6.22720737
06/09/01	1.671	17.6	5.586465775
07/09/01	46.764	17.6	13.27536491
08/09/01	23.084	17.6	9.250706768
09/09/01	46.888	17.6	16.41900335
10/09/01	5.317	17.6	9.63114709
11/09/01	5.259	17.6	8.109385803
12/09/01	3.499	17.6	7.408574684
13/09/01	29.009	17.6	10.63230583
14/09/01	13.397	17.6	9.210660418
15/09/01	1.138	17.6	7.829061356
16/09/01	0.102	17.6	7.188319761
17/09/01	8.312	17.6	6.707763566
18/09/01	0.972	17.6	6.667717216
19/09/01	0.673	17.6	6.207184195
20/09/01	2.203	17.6	5.906836573
21/09/01	2.784	17.6	5.726627999
22/09/01	9.639	17.6	5.926859747
23/09/01	10.569	17.6	6.447462293
24/09/01	34.207	17.6	13.17524903
25/09/01	4.768	17.6	7.84908453
26/09/01	15.584	17.6	7.188319761
27/09/01	4.416	17.6	6.507531817
28/09/01	23.055	17.6	5.946882922
29/09/01	1.916	17.6	9.370845817
30/09/01	29.755	17.6	10.8125144
01/10/01	10.708	17.6	8.089362628
02/10/01	1.062	17.6	7.208342936
03/10/01	8.47	17.6	6.567601342
04/10/01	0.662	17.6	6.547578167
05/10/01	12.507	17.6	6.587624517
06/10/01	15.59	17.6	6.087045146
07/10/01	7.356	17.6	6.147114671
08/10/01	13.337	17.6	6.847925789
09/10/01	9.372	17.6	6.76783309
10/10/01	0.461	17.6	6.006952447
11/10/01	0.03	17.6	5.706604824
12/10/01	31.025	17.6	10.07165694
13/10/01	23.879	17.6	10.03161059
14/10/01	1.351	17.6	6.928018489
15/10/01	6.658	17.6	6.22720737
16/10/01	0.815	17.6	6.026975622
17/10/01	1.229	17.6	5.68658165
18/10/01	0.052	17.6	5.346187678
19/10/01	2.529	17.6	5.266094978
20/10/01	32.625	17.6	11.0527925
21/10/01	18.937	17.6	8.069339453
22/10/01	12.936	17.6	7.568760083
23/10/01	22.217	17.6	8.790173747
24/10/01	29.825	17.6	14.73705667
25/10/01	4.596	17.6	9.270729943
26/10/01	8.068	17.6	8.489826125
27/10/01	1.305	17.6	7.168296586
28/10/01	0.582	17.6	6.587624517
29/10/01	79.448	17.6	11.71355727
30/10/01	28.155	17.6	23.02665105
31/10/01	26.157	17.6	14.67698714
01/11/01	17.907	17.6	13.95615285
02/11/01	10.011	17.6	14.75707984
03/11/01	12.108	17.6	15.67814589
04/11/01	1.705	17.6	11.453256
05/11/01	57.079	17.6	11.03276933
06/11/01	68.644	17.6	27.43174951
07/11/01	44.387	17.6	32.63777496
08/11/01	20.361	17.6	21.22456531
09/11/01	35.726	17.6	25.42943202
10/11/01	20.637	17.6	19.20222465
11/11/01	26.82	17.6	16.39898018
12/11/01	60.429	17.6	22.4259558
13/11/01	47.919	17.6	30.43522573
14/11/01	62.866	17.6	34.84032419
15/11/01	22.409	17.6	35.44101944
16/11/01	26.466	17.6	23.22688279
17/11/01	58.308	17.6	25.82989552
18/11/01	21.128	17.6	33.23847021
19/11/01	26.305	17.6	24.02780979
20/11/01	31.171	17.6	21.82526056
21/11/01	40.76	17.6	26.23035902
22/11/01	23.126	17.6	25.02896853
23/11/01	9.278	17.6	22.0254923
24/11/01	0.654	17.6	18.58150624
25/11/01	14.108	17.6	17.80060242
26/11/01	7.784	17.6	15.63809954
27/11/01	4.533	17.6	14.21645412
28/11/01	0.837	17.6	12.93497094
29/11/01	2.238	17.6	11.93381219
30/11/01	2.672	17.6	11.35314012
01/12/01	0.06	17.6	10.63230583
02/12/01	0.582	17.6	10.15174964
03/12/01	0.013	17.6	9.651170264
04/12/01	24.285	17.6	9.150590894
05/12/01	141.995	17.6	27.832213
06/12/01	45.233	17.6	42.64936237
07/12/01	31.475	17.6	26.83105426
08/12/01	2.445	17.6	22.4259558
09/12/01	19.476	17.6	17.58034749
10/12/01	7.299	17.6	16.17872526
11/12/01	29.54	17.6	14.77710302
12/12/01	64.513	17.6	34.23962895
13/12/01	23.668	17.6	22.62618755
14/12/01	11.456	17.6	19.12213196
15/12/01	0.669	17.6	16.4590497
16/12/01	0.728	17.6	14.79712619
17/12/01	0.434	17.6	13.51564301
18/12/01	0.326	17.6	12.45441474
19/12/01	25.679	17.6	13.9961992
20/12/01	9.358	17.6	11.11286203
21/12/01	6.623	17.6	9.831378838
22/12/01	0.643	17.6	9.330799467
23/12/01	3.737	17.6	9.090521369
24/12/01	2.976	17.6	8.710081048
25/12/01	4.915	17.6	8.449779775
26/12/01	8.338	17.6	8.950359146
27/12/01	3.941	17.6	8.5098493
28/12/01	5.165	17.6	7.92917723
29/12/01	2.203	17.6	7.668875957
30/12/01	21.569	17.6	8.129408978
31/12/01	16.925	17.6	9.210660418
01/01/02	0.661	17.6	10.07165694
02/01/02	9.663	17.6	8.249548027
03/01/02	9.393	17.6	8.589941999
04/01/02	9.805	17.6	8.409733425
05/01/02	0.76	17.6	8.629988349
06/01/02	5.826	17.6	8.009269929
07/01/02	116.078	17.6	25.42943202
08/01/02	75.765	17.6	32.23731146
09/01/02	60.744	17.6	39.24542265
10/01/02	15.289	17.6	29.03360349
11/01/02	1.341	17.6	19.6427345
12/01/02	0.379	17.6	15.63809954
13/01/02	2.288	17.6	13.8360138
14/01/02	0.023	17.6	12.37432204
15/01/02	0.984	17.6	11.35314012
16/01/02	0.036	17.6	10.61228266
17/01/02	1.319	17.6	9.951517887
18/01/02	1.313	17.6	9.55105439
19/01/02	0.134	17.6	8.97038232
20/01/02	0.203	17.6	8.650011523
21/01/02	0	17.6	7.829061356
22/01/02	2.145	17.6	7.34850516
23/01/02	0.03	17.6	7.068180712
24/01/02	2.754	17.6	6.687740391
25/01/02	31.321	17.6	7.068180712
26/01/02	29.911	17.6	8.850243272
27/01/02	14.945	17.6	10.09168011
28/01/02	4.651	17.6	8.049316279
29/01/02	2.674	17.6	7.288435635
30/01/02	1.291	17.6	6.80787944
31/01/02	0.225	17.6	6.627670866
01/02/02	9.028	17.6	6.407415943
02/02/02	7.344	17.6	6.867948964
03/02/02	0	17.6	6.207184195
04/02/02	4.719	17.6	5.966906097
05/02/02	0	17.6	5.846767048
06/02/02	0.013	17.6	5.6465353
07/02/02	0.06	17.6	5.406257202
08/02/02	0.013	17.6	5.306141328
09/02/02	1.813	17.6	5.266094978
10/02/02	2.112	17.6	5.165979104
11/02/02	0.894	17.6	5.045840055
12/02/02	0.284	17.6	4.865631482
13/02/02	0	17.6	4.705446083
14/02/02	0.03	17.6	4.605330209
15/02/02	0.927	17.6	4.645376559
16/02/02	0	17.6	4.48519116
17/02/02	0	17.6	4.365052111
18/02/02	0.039	17.6	4.304982587
19/02/02	0.049	17.6	4.184843538
20/02/02	0.708	17.6	4.144797188
21/02/02	0	17.6	4.024658139
22/02/02	2.578	17.6	4.124774013
23/02/02	24.83	17.6	4.084727664
24/02/02	39.784	17.6	5.806720699
25/02/02	2.515	17.6	7.568760083
26/02/02	2.768	17.6	4.745492433
27/02/02	0	17.6	4.325005762
28/02/02	0.051	17.6	4.044681314
01/03/02	0	17.6	3.964588615
02/03/02	0.051	17.6	3.884495916
03/03/02	0.875	17.6	3.864472741
04/03/02	7.784	17.6	3.94456544
05/03/02	1.511	17.6	3.784380041
06/03/02	0.795	17.6	3.644217818
07/03/02	1.223	17.6	3.624194643
08/03/02	0.192	17.6	3.604171468
09/03/02	2.002	17.6	3.564125118
10/03/02	0.035	17.6	3.464009244
11/03/02	0.539	17.6	3.40393972
12/03/02	0.156	17.6	3.303823846
13/03/02	0.137	17.6	3.223731146
14/03/02	1.276	17.6	3.163661622
15/03/02	0.413	17.6	3.143638447
16/03/02	5.358	17.6	3.123615272
17/03/02	11.302	17.6	3.303823846
18/03/02	10.14	17.6	3.824426391
19/03/02	4.321	17.6	3.98461179
20/03/02	1.989	17.6	3.624194643
21/03/02	5.245	17.6	3.40393972
22/03/02	3.971	17.6	3.423962895
23/03/02	0.384	17.6	3.163661622
24/03/02	0.073	17.6	3.123615272
25/03/02	0.754	17.6	3.123615272
26/03/02	5.328	17.6	3.103592097
27/03/02	3.405	17.6	3.103592097
28/03/02	0.088	17.6	3.003476223
29/03/02	0.843	17.6	2.923383524
30/03/02	0.346	17.6	2.863314
31/03/02	0.789	17.6	2.7832213
01/04/02	0.886	17.6	2.7832213
02/04/02	1.414	17.6	2.723151776
03/04/02	1.628	17.6	2.763198126
04/04/02	0.708	17.6	2.703128601
05/04/02	0.036	17.6	2.663082251
06/04/02	0	17.6	2.663082251
07/04/02	0.244	17.6	2.623035902
08/04/02	0	17.6	2.623035902
09/04/02	0	17.6	2.542943202
10/04/02	5.082	17.6	2.643059077
11/04/02	0.695	17.6	2.703128601
12/04/02	0.257	17.6	2.603012727
13/04/02	9.144	17.6	2.863314
14/04/02	0.444	17.6	2.82326765
15/04/02	0.013	17.6	2.683105426
16/04/02	0.023	17.6	2.562966377
17/04/02	0.802	17.6	2.502896853
18/04/02	2.399	17.6	2.502896853
19/04/02	2.362	17.6	2.562966377
20/04/02	1.169	17.6	2.462850503
21/04/02	0.3	17.6	2.462850503
22/04/02	1.52	17.6	2.462850503
23/04/02	8.814	17.6	2.683105426
24/04/02	2.967	17.6	2.723151776
25/04/02	0.196	17.6	2.562966377
26/04/02	0.968	17.6	2.482873678
27/04/02	0.295	17.6	2.402780979
28/04/02	0	17.6	2.382757804
29/04/02	0.278	17.6	2.382757804
30/04/02	0.284	17.6	2.382757804
01/05/02	0.357	17.6	2.382757804
02/05/02	4.25	17.6	2.422804154
03/05/02	15.486	17.6	2.863314
04/05/02	137.091	17.6	3.063545748
05/05/02	81.396	17.6	40.44681314
06/05/02	28.391	17.6	16.75939733
07/05/02	10.746	17.6	10.55221313
08/05/02	24.012	17.6	9.571077565
09/05/02	10.322	17.6	9.831378838
10/05/02	19.534	17.6	8.670034698
11/05/02	2.552	17.6	8.990405495
12/05/02	0.718	17.6	7.368528335
13/05/02	4.528	17.6	5.986929272
14/05/02	12.809	17.6	4.985770531
15/05/02	1.507	17.6	5.206025454
16/05/02	7.328	17.6	4.805561957
17/05/02	4.403	17.6	4.585307034
18/05/02	12.044	17.6	4.745492433
19/05/02	15.162	17.6	5.366210852
20/05/02	33.832	17.6	7.268412461
21/05/02	18.192	17.6	8.229524852
22/05/02	0.752	17.6	6.347346419
23/05/02	1.829	17.6	5.526396251
24/05/02	15.176	17.6	5.6465353
25/05/02	31.016	17.6	6.167137845
26/05/02	23.484	17.6	8.129408978
27/05/02	8.099	17.6	7.168296586
28/05/02	16.569	17.6	7.468644209
29/05/02	3.447	17.6	6.76783309
30/05/02	0.411	17.6	6.006952447
31/05/02	4.072	17.6	5.486349901
01/06/02	3.04	17.6	5.306141328
02/06/02	1.073	17.6	4.905677832
03/06/02	1.827	17.6	4.745492433
04/06/02	14.124	17.6	4.785538783
05/06/02	16.408	17.6	5.246071804
06/06/02	5.338	17.6	5.005793706
07/06/02	2.581	17.6	4.52523751
08/06/02	6.489	17.6	4.405098461
09/06/02	29.37	17.6	5.946882922
10/06/02	35.748	17.6	7.288435635
11/06/02	6.414	17.6	7.328481985
12/06/02	5.903	17.6	5.886813398
13/06/02	17.529	17.6	6.427439118
14/06/02	7.302	17.6	6.627670866
15/06/02	0.051	17.6	5.6465353
16/06/02	1.158	17.6	5.266094978
17/06/02	3.415	17.6	4.825585132
18/06/02	31.299	17.6	8.249548027
19/06/02	7.741	17.6	6.367369594
20/06/02	1.028	17.6	5.586465775
21/06/02	1.046	17.6	5.206025454
22/06/02	12.296	17.6	4.825585132
23/06/02	21.155	17.6	6.147114671
24/06/02	2.215	17.6	5.246071804
25/06/02	7.951	17.6	4.765515608
26/06/02	13.639	17.6	5.466326727
27/06/02	3.337	17.6	4.905677832
28/06/02	7.738	17.6	4.745492433
29/06/02	6.345	17.6	4.645376559
30/06/02	7.273	17.6	4.825585132
01/07/02	10.69	17.6	4.945724181
02/07/02	6.515	17.6	4.885654657
03/07/02	5.919	17.6	4.725469258
04/07/02	90.972	17.6	13.47559666
05/07/02	0.537	17.6	14.0762919
06/07/02	6.048	17.6	8.4297566
07/07/02	16.401	17.6	8.009269929
08/07/02	2.39	17.6	6.928018489
09/07/02	15.92	17.6	6.747809915
10/07/02	0.777	17.6	6.467485468
11/07/02	41.75	17.6	13.65580523
12/07/02	4.297	17.6	7.668875957
13/07/02	1.342	17.6	6.72778674
14/07/02	10.178	17.6	6.347346419
15/07/02	3.418	17.6	6.287276894
16/07/02	1.261	17.6	5.786697524
17/07/02	2.773	17.6	5.406257202
18/07/02	48.115	17.6	10.77246805
19/07/02	53.426	17.6	17.0997913
20/07/02	19.594	17.6	11.95383537
21/07/02	33.73	17.6	14.2364773
22/07/02	4.619	17.6	10.79249123
23/07/02	0.09	17.6	8.770150572
24/07/02	0.933	17.6	7.92917723
25/07/02	37.151	17.6	8.009269929
26/07/02	0.733	17.6	9.711239789
27/07/02	7.024	17.6	7.448621034
28/07/02	9.998	17.6	7.108227062
29/07/02	26.415	17.6	9.671193439
30/07/02	5.153	17.6	8.229524852
31/07/02	1.551	17.6	7.188319761
01/08/02	1.341	17.6	6.707763566
02/08/02	2.091	17.6	6.367369594
03/08/02	3.808	17.6	6.026975622
04/08/02	4.284	17.6	6.046998796
05/08/02	30.083	17.6	5.626512125
06/08/02	76.403	17.6	9.871425188
07/08/02	4.668	17.6	18.02085734
08/08/02	0.051	17.6	9.05047502
09/08/02	0.117	17.6	7.909154055
10/08/02	0.013	17.6	7.208342936
11/08/02	2.508	17.6	6.707763566
12/08/02	0.502	17.6	6.327323244
13/08/02	16.199	17.6	6.067021971
14/08/02	56.388	17.6	6.567601342
15/08/02	35.306	17.6	16.95962907
16/08/02	7.998	17.6	9.831378838
17/08/02	3.704	17.6	8.5098493
18/08/02	3.104	17.6	7.588783258
19/08/02	4.026	17.6	7.168296586
20/08/02	14.671	17.6	7.248389286
21/08/02	40.58	17.6	8.389710251
22/08/02	12.563	17.6	10.69237536
23/08/02	7.286	17.6	8.549895649
24/08/02	19.66	17.6	9.05047502
25/08/02	6.637	17.6	8.249548027
26/08/02	19.703	17.6	8.890289621
27/08/02	12.276	17.6	9.490984866
28/08/02	24.448	17.6	11.55337187
29/08/02	6.537	17.6	8.690057873
30/08/02	69.357	17.6	21.42479706
31/08/02	4.872	17.6	12.89492459
01/09/02	18.539	17.6	11.15290838
02/09/02	0.894	17.6	9.691216614
03/09/02	14.491	17.6	11.01274615
04/09/02	7.856	17.6	9.210660418
05/09/02	10.157	17.6	8.750127397
06/09/02	1.676	17.6	8.209501677
07/09/02	38.808	17.6	12.87490141
08/09/02	9.262	17.6	10.15174964
09/09/02	5.438	17.6	9.190637244
10/09/02	2.616	17.6	8.229524852
11/09/02	6.483	17.6	7.708922307
12/09/02	17.958	17.6	8.810196922
13/09/02	16.885	17.6	9.811355663
14/09/02	1.445	17.6	7.949200405
15/09/02	1.095	17.6	7.268412461
16/09/02	26.816	17.6	7.488667384
17/09/02	6.222	17.6	7.92917723
18/09/02	4.749	17.6	6.948041663
19/09/02	7.424	17.6	6.747809915
20/09/02	7.069	17.6	6.627670866
21/09/02	4.309	17.6	6.487508643
22/09/02	1.3	17.6	6.067021971
23/09/02	7.377	17.6	6.587624517
24/09/02	9.416	17.6	6.107068321
25/09/02	44.481	17.6	9.771309313
26/09/02	7.01	17.6	7.228366111
27/09/02	56.947	17.6	17.68046337
28/09/02	38.273	17.6	18.56148306
29/09/02	2.659	17.6	11.93381219
30/09/02	6.999	17.6	9.531031216
01/10/02	13.142	17.6	9.170614069
02/10/02	9.872	17.6	9.01042867
03/10/02	12.029	17.6	9.030451845
04/10/02	0.117	17.6	7.969223579
05/10/02	48.959	17.6	10.69237536
06/10/02	1.984	17.6	10.77246805
07/10/02	0.285	17.6	8.069339453
08/10/02	45.342	17.6	13.17524903
09/10/02	6.164	17.6	10.29191186
10/10/02	1.389	17.6	8.730104223
11/10/02	5.642	17.6	8.289594377
12/10/02	38.226	17.6	15.43786779
13/10/02	2.912	17.6	9.490984866
14/10/02	9.146	17.6	9.190637244
15/10/02	3.249	17.6	8.309617551
16/10/02	35.311	17.6	14.25650047
17/10/02	7.16	17.6	9.170614069
18/10/02	14.587	17.6	9.250706768
19/10/02	7.022	17.6	8.710081048
20/10/02	20.327	17.6	12.85487824
21/10/02	0.236	17.6	9.150590894
22/10/02	0.125	17.6	8.389710251
23/10/02	0.628	17.6	7.84908453
24/10/02	45.716	17.6	13.05510998
25/10/02	20.671	17.6	13.61575888
26/10/02	1.732	17.6	9.831378838
27/10/02	35.169	17.6	13.7559211
28/10/02	10.072	17.6	10.39202773
29/10/02	4.452	17.6	9.210660418
30/10/02	27.385	17.6	12.25418299
31/10/02	35.243	17.6	15.07745064
01/11/02	0.4	17.6	10.99272298
02/11/02	0.013	17.6	9.691216614
03/11/02	0.03	17.6	9.150590894
04/11/02	2.171	17.6	8.549895649
05/11/02	5.22	17.6	8.289594377
06/11/02	0.255	17.6	7.688899132
07/11/02	27.203	17.6	9.851402013
08/11/02	61.683	17.6	19.36241005
09/11/02	15.539	17.6	13.09515633
10/11/02	0.412	17.6	10.31193503
11/11/02	2.156	17.6	9.310776292
12/11/02	5.317	17.6	8.910312796
13/11/02	0.293	17.6	8.269571202
14/11/02	4.489	17.6	8.069339453
15/11/02	0.414	17.6	7.568760083
16/11/02	0.645	17.6	7.368528335
17/11/02	209.738	17.6	57.86697524
18/11/02	50.597	17.6	65.27554992
19/11/02	0.69	17.6	26.83105426
20/11/02	0.317	17.6	18.38127449
21/11/02	12.633	17.6	15.29770556
22/11/02	19.499	17.6	11.25302425
23/11/02	44.977	17.6	9.030451845
24/11/02	45.105	17.6	25.22920028
25/11/02	0.065	17.6	12.11402077
26/11/02	2.228	17.6	9.470961691
27/11/02	31.72	17.6	9.05047502
28/11/02	66.623	17.6	12.69469284
29/11/02	119.917	17.6	38.44449566
30/11/02	153.049	17.6	104.1205091
01/12/02	7.469	17.6	56.26512125
02/12/02	3.743	17.6	32.23731146
03/12/02	0.115	17.6	23.02665105
04/12/02	2.017	17.6	18.56148306
05/12/02	3.847	17.6	16.25881796
06/12/02	1.584	17.6	14.45673222
07/12/02	0.38	17.6	12.97501729
08/12/02	0.043	17.6	11.95383537
09/12/02	0.883	17.6	11.25302425
10/12/02	2.877	17.6	10.55221313
11/12/02	0.783	17.6	9.971541062
12/12/02	1.723	17.6	9.55105439
13/12/02	0.616	17.6	8.950359146
14/12/02	1.15	17.6	8.529872474
15/12/02	2.928	17.6	8.169455328
16/12/02	6.446	17.6	8.069339453
17/12/02	2.351	17.6	7.688899132
18/12/02	1.616	17.6	7.328481985
19/12/02	0.355	17.6	6.948041663
20/12/02	0.13	17.6	6.627670866
21/12/02	0.516	17.6	6.527554992
22/12/02	0.005	17.6	6.18716102
23/12/02	0.522	17.6	5.966906097
24/12/02	0.111	17.6	5.946882922
25/12/02	1.515	17.6	5.806720699
26/12/02	0.589	17.6	5.486349901
27/12/02	31.484	17.6	5.746651174
28/12/02	5.202	17.6	7.088203887
29/12/02	0	17.6	5.546419426
30/12/02	0	17.6	5.286118153
31/12/02	0	17.6	5.186002279
01/01/03	0.302	17.6	4.965747356
02/01/03	1.159	17.6	4.765515608
03/01/03	4.818	17.6	4.765515608
04/01/03	2.099	17.6	4.685422908
05/01/03	1.768	17.6	4.685422908
06/01/03	20.638	17.6	4.645376559
07/01/03	7.264	17.6	6.167137845
08/01/03	28.641	17.6	5.306141328
09/01/03	8.926	17.6	7.228366111
10/01/03	4.585	17.6	6.147114671
11/01/03	0.059	17.6	5.446303552
12/01/03	0.631	17.6	4.925701006
13/01/03	4.252	17.6	4.765515608
14/01/03	12.308	17.6	5.125932755
15/01/03	0.132	17.6	5.045840055
16/01/03	0	17.6	4.685422908
17/01/03	0.013	17.6	4.505214335
18/01/03	0.061	17.6	4.345028936
19/01/03	22.451	17.6	4.765515608
20/01/03	4.278	17.6	5.226048629
21/01/03	0.746	17.6	4.56528386
22/01/03	0	17.6	4.224889888
23/01/03	0	17.6	4.224889888
24/01/03	32.798	17.6	4.184843538
25/01/03	65.114	17.6	9.851402013
26/01/03	62.235	17.6	17.60037067
27/01/03	96.387	17.6	35.04055594
28/01/03	18.517	17.6	40.24658139
29/01/03	0	17.6	17.05974495
30/01/03	0	17.6	12.53450744
31/01/03	0	17.6	10.35198138
01/02/03	0	17.6	9.230683593
02/02/03	0	17.6	8.189478502
03/02/03	0	17.6	7.608806433
04/02/03	0	17.6	7.168296586
05/02/03	0	17.6	6.867948964
06/02/03	0	17.6	6.467485468
07/02/03	3.918	17.6	6.287276894
08/02/03	1.023	17.6	6.18716102
09/02/03	2.608	17.6	5.806720699
10/02/03	9.404	17.6	5.966906097
11/02/03	3.38	17.6	6.127091496
12/02/03	12.989	17.6	5.726627999
13/02/03	4.254	17.6	6.387392768
14/02/03	0.139	17.6	5.68658165
15/02/03	0.748	17.6	5.506373076
16/02/03	5.943	17.6	5.246071804
17/02/03	2.095	17.6	5.426280377
18/02/03	0.41	17.6	5.125932755
19/02/03	2.753	17.6	5.165979104
20/02/03	4.253	17.6	5.145955929
21/02/03	0.352	17.6	5.145955929
22/02/03	0.051	17.6	4.785538783
23/02/03	0.079	17.6	4.625353384
24/02/03	1.32	17.6	4.585307034
25/02/03	0.209	17.6	4.585307034
26/02/03	2.651	17.6	4.56528386
27/02/03	0.108	17.6	4.52523751
28/02/03	1.152	17.6	4.425121636
01/03/03	0.308	17.6	4.345028936
02/03/03	0.137	17.6	4.204866713
03/03/03	0.869	17.6	4.124774013
04/03/03	0.323	17.6	4.104750839
05/03/03	0.325	17.6	4.084727664
06/03/03	0.28	17.6	4.084727664
07/03/03	3.605	17.6	4.084727664
08/03/03	8.041	17.6	4.084727664
09/03/03	0.937	17.6	4.164820363
10/03/03	0.051	17.6	4.064704489
11/03/03	0.013	17.6	4.004634965
12/03/03	0	17.6	3.90451909
13/03/03	1.005	17.6	3.824426391
14/03/03	0.894	17.6	3.744333692
15/03/03	2.302	17.6	3.704287342
16/03/03	0.654	17.6	3.644217818
17/03/03	0.72	17.6	3.644217818
18/03/03	0.533	17.6	3.644217818
19/03/03	0	17.6	3.564125118
20/03/03	0	17.6	3.484032419
21/03/03	1.834	17.6	3.484032419
22/03/03	0.403	17.6	3.443986069
23/03/03	0.342	17.6	3.343870195
24/03/03	0.236	17.6	3.263777496
25/03/03	0.727	17.6	3.303823846
26/03/03	3.982	17.6	3.263777496
27/03/03	1.978	17.6	3.343870195
28/03/03	0.013	17.6	3.203707972
29/03/03	0	17.6	3.203707972
30/03/03	0.683	17.6	3.203707972
31/03/03	109.89	17.6	4.885654657
01/04/03	125.51	17.6	39.64588615
02/04/03	21.525	17.6	22.22572405
03/04/03	0	17.6	10.07165694
04/04/03	0.504	17.6	7.188319761
05/04/03	0.013	17.6	6.006952447
06/04/03	0.03	17.6	5.486349901
07/04/03	1.596	17.6	5.125932755
08/04/03	2.514	17.6	4.765515608
09/04/03	1.737	17.6	4.425121636
10/04/03	7.028	17.6	4.465167985
11/04/03	2.127	17.6	4.184843538
12/04/03	2.108	17.6	4.024658139
13/04/03	0.077	17.6	3.964588615
14/04/03	3.741	17.6	4.064704489
15/04/03	0.013	17.6	3.884495916
16/04/03	0	17.6	3.724310517
17/04/03	0	17.6	3.524078769
18/04/03	1.254	17.6	3.484032419
19/04/03	1.219	17.6	3.484032419
20/04/03	0.89	17.6	3.484032419
21/04/03	0.71	17.6	3.484032419
22/04/03	4.518	17.6	3.484032419
23/04/03	10.377	17.6	3.544101944
24/04/03	11.977	17.6	4.385075286
25/04/03	0.872	17.6	3.604171468
26/04/03	0.013	17.6	3.423962895
27/04/03	0.035	17.6	3.243754321
28/04/03	2.513	17.6	3.163661622
29/04/03	17.825	17.6	4.184843538
30/04/03	12.232	17.6	4.004634965
01/05/03	1.71	17.6	3.624194643
02/05/03	0.763	17.6	3.383916545
03/05/03	0.264	17.6	3.163661622
04/05/03	0.553	17.6	3.063545748
05/05/03	14.258	17.6	3.343870195
06/05/03	16.282	17.6	3.504055594
07/05/03	1.513	17.6	3.964588615
08/05/03	6.946	17.6	3.464009244
09/05/03	7.292	17.6	3.90451909
10/05/03	6.941	17.6	3.584148293
11/05/03	6.892	17.6	3.844449566
12/05/03	57.733	17.6	14.97733477
13/05/03	16.889	17.6	7.84908453
14/05/03	7.228	17.6	6.347346419
15/05/03	2.574	17.6	5.226048629
16/05/03	34.984	17.6	5.846767048
17/05/03	12.515	17.6	7.789015006
18/05/03	26.422	17.6	8.4297566
19/05/03	8.314	17.6	9.030451845
20/05/03	2.294	17.6	7.088203887
21/05/03	1.879	17.6	6.367369594
22/05/03	1.88	17.6	5.986929272
23/05/03	30.314	17.6	11.07281568
24/05/03	26.753	17.6	10.11170329
25/05/03	5.185	17.6	8.629988349
26/05/03	23.55	17.6	9.270729943
27/05/03	30.174	17.6	10.53218996
28/05/03	7.008	17.6	10.67235218
29/05/03	24.638	17.6	13.07513316
30/05/03	15.867	17.6	10.65232901
31/05/03	18.232	17.6	12.03392807
01/06/03	4.593	17.6	10.05163376
02/06/03	27.938	17.6	12.11402077
03/06/03	5.16	17.6	9.711239789
04/06/03	33.366	17.6	11.97385854
05/06/03	22.142	17.6	12.97501729
06/06/03	6.324	17.6	11.85371949
07/06/03	19.791	17.6	11.2930706
08/06/03	16.051	17.6	11.5333487
09/06/03	0.845	17.6	10.15174964
10/06/03	0.06	17.6	8.950359146
11/06/03	37.05	17.6	12.15406712
12/06/03	21.825	17.6	12.53450744
13/06/03	10.141	17.6	11.5333487
14/06/03	14.235	17.6	14.01622238
15/06/03	63.866	17.6	23.42711454
16/06/03	16.901	17.6	17.46020845
17/06/03	53.864	17.6	24.42827328
18/06/03	79.477	17.6	35.44101944
19/06/03	0.023	17.6	29.43406699
20/06/03	0.679	17.6	18.56148306
21/06/03	1.219	17.6	14.83717254
22/06/03	7.599	17.6	12.95499411
23/06/03	5.396	17.6	11.93381219
24/06/03	19.005	17.6	11.83369632
25/06/03	1.386	17.6	9.991564236
26/06/03	0.051	17.6	8.770150572
27/06/03	1.443	17.6	8.069339453
28/06/03	8.259	17.6	8.009269929
29/06/03	25.848	17.6	11.2129779
30/06/03	1.051	17.6	8.5098493
01/07/03	2.12	17.6	7.008111188
02/07/03	0.026	17.6	6.607647691
03/07/03	0.664	17.6	6.367369594
04/07/03	60.024	17.6	12.81483189
05/07/03	4.629	17.6	10.03161059
06/07/03	10.574	17.6	7.989246754
07/07/03	0.488	17.6	7.328481985
08/07/03	18.617	17.6	8.4297566
09/07/03	1.646	17.6	7.168296586
10/07/03	10.245	17.6	7.288435635
11/07/03	14.339	17.6	7.048157538
12/07/03	10.21	17.6	7.38855151
13/07/03	16.775	17.6	10.25186551
14/07/03	0.7	17.6	7.168296586
15/07/03	1.449	17.6	6.76783309
16/07/03	13.794	17.6	6.887972139
17/07/03	3.576	17.6	6.787856265
18/07/03	0.925	17.6	6.487508643
19/07/03	35.028	17.6	6.547578167
20/07/03	8.948	17.6	9.531031216
21/07/03	17.618	17.6	7.188319761
22/07/03	34.798	17.6	12.03392807
23/07/03	0.206	17.6	9.030451845
24/07/03	4.834	17.6	8.069339453
25/07/03	3.959	17.6	7.648852782
26/07/03	0.552	17.6	7.34850516
27/07/03	5.226	17.6	7.128250237
28/07/03	4.913	17.6	7.068180712
29/07/03	1.573	17.6	6.667717216
30/07/03	15.301	17.6	7.128250237
31/07/03	26.834	17.6	8.589941999
01/08/03	13.727	17.6	7.949200405
02/08/03	0.496	17.6	7.228366111
03/08/03	0.26	17.6	6.76783309
04/08/03	1.379	17.6	6.527554992
05/08/03	0.699	17.6	6.407415943
06/08/03	1.939	17.6	6.207184195
07/08/03	8.516	17.6	6.22720737
08/08/03	1.173	17.6	5.906836573
09/08/03	0.243	17.6	5.6465353
10/08/03	18.303	17.6	6.847925789
11/08/03	6.28	17.6	5.966906097
12/08/03	20.149	17.6	6.567601342
13/08/03	10.948	17.6	6.407415943
14/08/03	8.113	17.6	6.327323244
15/08/03	4.473	17.6	6.107068321
16/08/03	23.874	17.6	7.92917723
17/08/03	11.1	17.6	7.548736908
18/08/03	6.539	17.6	6.487508643
19/08/03	4.194	17.6	6.527554992
20/08/03	24.373	17.6	8.089362628
21/08/03	0.127	17.6	6.72778674
22/08/03	9.382	17.6	6.547578167
23/08/03	6.407	17.6	6.467485468
24/08/03	39.152	17.6	11.41320965
25/08/03	1.464	17.6	8.449779775
26/08/03	0.945	17.6	7.068180712
27/08/03	14.108	17.6	6.747809915
28/08/03	5.558	17.6	7.508690558
29/08/03	6.29	17.6	6.72778674
30/08/03	0.065	17.6	6.467485468
31/08/03	15.834	17.6	6.847925789
01/09/03	2.862	17.6	6.567601342
02/09/03	19.27	17.6	8.369687076
03/09/03	1.386	17.6	6.968064838
04/09/03	16.419	17.6	7.468644209
05/09/03	6.189	17.6	7.648852782
06/09/03	48.358	17.6	15.81830811
07/09/03	18.096	17.6	12.85487824
08/09/03	0.053	17.6	9.130567719
09/09/03	1.565	17.6	8.089362628
10/09/03	6.998	17.6	7.708922307
11/09/03	45.404	17.6	16.7794205
12/09/03	0.457	17.6	8.609965174
13/09/03	38.339	17.6	16.8595132
14/09/03	19.342	17.6	12.67466966
15/09/03	39.1	17.6	17.52027797
16/09/03	29.852	17.6	17.48023162
17/09/03	14.842	17.6	15.97849351
18/09/03	24.145	17.6	14.5568481
19/09/03	5.901	17.6	12.13404394
20/09/03	44.818	17.6	19.66275768
21/09/03	29.783	17.6	20.22340657
22/09/03	14.732	17.6	16.63925828
23/09/03	16.983	17.6	15.29770556
24/09/03	33.381	17.6	18.46136719
25/09/03	0.774	17.6	13.6758284
26/09/03	12.99	17.6	12.83485506
27/09/03	20.311	17.6	13.37548078
28/09/03	6.836	17.6	11.39318647
29/09/03	31.697	17.6	15.59805319
30/09/03	9.074	17.6	13.09515633
01/10/03	18.004	17.6	13.6758284
02/10/03	11.471	17.6	11.97385854
03/10/03	4.286	17.6	11.07281568
04/10/03	19.608	17.6	12.19411347
05/10/03	28.339	17.6	14.37663952
06/10/03	26.24	17.6	17.05974495
07/10/03	23.286	17.6	15.27768239
08/10/03	16.855	17.6	14.43670905
09/10/03	34.295	17.6	21.82526056
10/10/03	0.428	17.6	13.8360138
11/10/03	2.116	17.6	11.83369632
12/10/03	3.841	17.6	10.87258393
13/10/03	33.479	17.6	12.09399759
14/10/03	3.966	17.6	10.67235218
15/10/03	11.24	17.6	10.21181916
16/10/03	17.411	17.6	10.43207408
17/10/03	13.998	17.6	9.771309313
18/10/03	20.863	17.6	11.0527925
19/10/03	47.218	17.6	18.94192338
20/10/03	30.115	17.6	18.52143671
21/10/03	24.463	17.6	15.21761287
22/10/03	29.516	17.6	19.34238688
23/10/03	13.576	17.6	12.03392807
24/10/03	84.159	17.6	29.43406699
25/10/03	7.683	17.6	19.30234053
26/10/03	10.893	17.6	15.19758969
27/10/03	22.745	17.6	16.25881796
28/10/03	14.231	17.6	15.13752017
29/10/03	7.944	17.6	12.87490141
30/10/03	0.036	17.6	11.85371949
31/10/03	0.568	17.6	11.17293155
01/11/03	7.351	17.6	11.01274615
02/11/03	1.741	17.6	10.37200456
03/11/03	0.144	17.6	9.771309313
04/11/03	32.466	17.6	11.5333487
05/11/03	12.93	17.6	10.57223631
06/11/03	1.695	17.6	9.59110074
07/11/03	2.087	17.6	9.150590894
08/11/03	4.6	17.6	8.97038232
09/11/03	3.356	17.6	8.690057873
10/11/03	4.173	17.6	8.489826125
11/11/03	10.407	17.6	8.950359146
12/11/03	8.613	17.6	8.950359146
13/11/03	7.854	17.6	8.810196922
14/11/03	4.531	17.6	8.349663901
15/11/03	9.821	17.6	8.870266446
16/11/03	13.237	17.6	8.650011523
17/11/03	0.528	17.6	8.269571202
18/11/03	2.554	17.6	8.009269929
19/11/03	20.568	17.6	8.029293104
20/11/03	10.161	17.6	9.110544544
21/11/03	17.314	17.6	9.170614069
22/11/03	10.451	17.6	10.35198138
23/11/03	2.138	17.6	9.170614069
24/11/03	5.875	17.6	8.650011523
25/11/03	6.498	17.6	8.409733425
26/11/03	12.141	17.6	8.890289621
27/11/03	0.727	17.6	8.089362628
28/11/03	71.86	17.6	11.3731633
29/11/03	21.208	17.6	23.82757804
30/11/03	81.672	17.6	18.78173798
01/12/03	43.594	17.6	28.43290825
02/12/03	38.149	17.6	22.22572405
03/12/03	1.156	17.6	16.8595132
04/12/03	1.188	17.6	13.51564301
05/12/03	0.039	17.6	12.01390489
06/12/03	24.012	17.6	11.3731633
07/12/03	25.574	17.6	12.37432204
08/12/03	30.587	17.6	13.97617603
09/12/03	8.232	17.6	14.19643095
10/12/03	115.929	17.6	19.86298942
11/12/03	115.75	17.6	57.66674349
12/12/03	21.25	17.6	52.06025454
13/12/03	3.79	17.6	21.62502881
14/12/03	7.939	17.6	17.21993035
15/12/03	3.221	17.6	14.61691762
16/12/03	5.448	17.6	13.13520268
17/12/03	34.527	17.6	16.03856303
18/12/03	29.11	17.6	13.15522586
19/12/03	48.66	17.6	15.51796049
20/12/03	81.899	17.6	29.23383524
21/12/03	58.756	17.6	32.23731146
22/12/03	4.668	17.6	26.23035902
23/12/03	0.198	17.6	17.92074147
24/12/03	39.884	17.6	15.95847033
25/12/03	8.638	17.6	18.02085734
26/12/03	1.359	17.6	14.4767554
27/12/03	0.018	17.6	13.21529538
28/12/03	0.415	17.6	12.45441474
29/12/03	25.059	17.6	12.01390489
30/12/03	29.213	17.6	13.6758284
31/12/03	32.585	17.6	15.89840081
01/01/04	5.594	17.6	17.36009257
02/01/04	0	17.6	14.97733477
03/01/04	11.918	17.6	14.05626873
04/01/04	9.638	17.6	14.49677857
05/01/04	0.073	17.6	13.39550396
06/01/04	13.013	17.6	12.99504046
07/01/04	29.239	17.6	14.53682492
08/01/04	0.082	17.6	14.05626873
09/01/04	2.152	17.6	12.73473919
10/01/04	10.313	17.6	12.59457696
11/01/04	12.879	17.6	13.11517951
12/01/04	0.541	17.6	12.45441474
13/01/04	0.061	17.6	11.7736268
14/01/04	2.584	17.6	11.35314012
15/01/04	1.716	17.6	10.91263028
16/01/04	8.866	17.6	10.83253758
17/01/04	0.528	17.6	10.67235218
18/01/04	0.316	17.6	10.11170329
19/01/04	2.522	17.6	9.931494712
20/01/04	0	17.6	9.571077565
21/01/04	0.026	17.6	9.450938516
22/01/04	6.11	17.6	8.97038232
23/01/04	42.719	17.6	10.55221313
24/01/04	2.209	17.6	12.53450744
25/01/04	0.155	17.6	10.23184233
26/01/04	0.073	17.6	9.931494712
27/01/04	0	17.6	9.55105439
28/01/04	0.026	17.6	8.990405495
29/01/04	0.747	17.6	8.750127397
30/01/04	0.327	17.6	8.409733425
31/01/04	0.248	17.6	8.309617551
01/02/04	0.645	17.6	8.229524852
02/02/04	0.214	17.6	7.969223579
03/02/04	0	17.6	7.748968656
04/02/04	2.429	17.6	7.668875957
05/02/04	0	17.6	7.508690558
06/02/04	18.219	17.6	7.468644209
07/02/04	14.142	17.6	9.130567719
08/02/04	0.178	17.6	7.748968656
09/02/04	8.711	17.6	7.30845881
10/02/04	3.068	17.6	7.548736908
11/02/04	3.945	17.6	7.328481985
12/02/04	4.886	17.6	7.548736908
13/02/04	0.005	17.6	7.168296586
14/02/04	0.965	17.6	7.048157538
15/02/04	3.872	17.6	6.80787944
16/02/04	1.152	17.6	6.747809915
17/02/04	32.817	17.6	6.547578167
18/02/04	43.237	17.6	14.75707984
19/02/04	1.19	17.6	10.03161059
20/02/04	0.466	17.6	8.369687076
21/02/04	0.005	17.6	7.768991831
22/02/04	0.912	17.6	7.408574684
23/02/04	2.911	17.6	7.148273412
24/02/04	0.03	17.6	7.048157538
25/02/04	0.013	17.6	6.707763566
26/02/04	10.133	17.6	6.567601342
27/02/04	74.927	17.6	11.6935341
28/02/04	51.085	17.6	14.99735794
29/02/04	7.862	17.6	16.4590497
01/03/04	0.967	17.6	11.6134414
02/03/04	0.322	17.6	10.05163376
03/03/04	0.466	17.6	9.170614069
04/03/04	7.188	17.6	8.529872474
05/03/04	1.57	17.6	8.369687076
06/03/04	27.946	17.6	9.470961691
07/03/04	3.597	17.6	8.750127397
08/03/04	15.679	17.6	8.990405495
09/03/04	4.398	17.6	8.950359146
10/03/04	3.653	17.6	8.650011523
11/03/04	33.481	17.6	8.349663901
12/03/04	17.705	17.6	12.85487824
13/03/04	4.428	17.6	10.83253758
14/03/04	1.92	17.6	9.991564236
15/03/04	0.48	17.6	9.230683593
16/03/04	14.703	17.6	8.850243272
17/03/04	3.142	17.6	9.450938516
18/03/04	9.875	17.6	8.46980295
19/03/04	20.953	17.6	10.91263028
20/03/04	0.286	17.6	9.410892167
21/03/04	1.262	17.6	8.609965174
22/03/04	0.313	17.6	8.289594377
23/03/04	0	17.6	7.88913088
24/03/04	0.182	17.6	7.588783258
25/03/04	0.318	17.6	7.30845881
26/03/04	0	17.6	7.088203887
27/03/04	0	17.6	6.968064838
28/03/04	0.384	17.6	6.76783309
29/03/04	18.244	17.6	7.608806433
30/03/04	4.458	17.6	7.068180712
31/03/04	2.667	17.6	7.068180712
01/04/04	0.465	17.6	6.707763566
02/04/04	1.473	17.6	6.527554992
03/04/04	2.432	17.6	6.427439118
04/04/04	0.463	17.6	6.18716102
05/04/04	0.111	17.6	6.026975622
06/04/04	3.76	17.6	5.966906097
07/04/04	0.365	17.6	5.966906097
08/04/04	0.521	17.6	5.906836573
09/04/04	0	17.6	5.6465353
10/04/04	0.23	17.6	5.466326727
11/04/04	0	17.6	5.446303552
12/04/04	0	17.6	5.446303552
13/04/04	0.398	17.6	5.406257202
14/04/04	1.715	17.6	5.286118153
15/04/04	36.61	17.6	5.566442601
16/04/04	52.794	17.6	11.2930706
17/04/04	57.867	17.6	12.77478554
18/04/04	81.597	17.6	19.44250275
19/04/04	39.651	17.6	26.63082251
20/04/04	5.888	17.6	17.88069512
21/04/04	0.234	17.6	13.45557348
22/04/04	0.038	17.6	11.57339505
23/04/04	0	17.6	10.33195821
24/04/04	3.957	17.6	9.450938516
25/04/04	0.03	17.6	8.770150572
26/04/04	3.465	17.6	8.389710251
27/04/04	5.773	17.6	8.109385803
28/04/04	2.448	17.6	7.768991831
29/04/04	13.291	17.6	8.029293104
30/04/04	1.662	17.6	7.748968656
01/05/04	1.134	17.6	7.208342936
02/05/04	0.273	17.6	7.088203887
03/05/04	2.997	17.6	7.048157538
04/05/04	34.475	17.6	9.190637244
05/05/04	13.155	17.6	8.629988349
06/05/04	30.517	17.6	8.589941999
07/05/04	10.478	17.6	12.19411347
08/05/04	38.658	17.6	10.75244488
09/05/04	61.01	17.6	28.43290825
10/05/04	2.774	17.6	14.41668587
11/05/04	0.997	17.6	11.99388172
12/05/04	3.053	17.6	10.8125144
13/05/04	4.175	17.6	10.03161059
14/05/04	6.201	17.6	9.891448362
15/05/04	17.96	17.6	10.03161059
16/05/04	16.151	17.6	10.9726998
17/05/04	53.464	17.6	17.32004622
18/05/04	18.848	17.6	14.99735794
19/05/04	34.149	17.6	13.43555031
20/05/04	77.353	17.6	29.83453049
21/05/04	29.817	17.6	24.82873678
22/05/04	82.874	17.6	43.04982587
23/05/04	14.596	17.6	29.03360349
24/05/04	1.262	17.6	19.50257228
25/05/04	4.26	17.6	16.23879478
26/05/04	21.171	17.6	14.75707984
27/05/04	23.407	17.6	17.82062559
28/05/04	16.294	17.6	14.31657
29/05/04	0.108	17.6	13.71587475
30/05/04	1.46	17.6	12.75476236
31/05/04	9.676	17.6	12.19411347
01/06/04	18.723	17.6	13.23531856
02/06/04	33.71	17.6	15.81830811
03/06/04	0.519	17.6	13.47559666
04/06/04	0.005	17.6	12.23415982
05/06/04	15.638	17.6	12.49446109
06/06/04	5.151	17.6	11.93381219
07/06/04	29.94	17.6	15.87837763
08/06/04	1.313	17.6	11.93381219
09/06/04	2.788	17.6	11.39318647
10/06/04	19.52	17.6	13.11517951
11/06/04	8.345	17.6	11.5333487
12/06/04	0.731	17.6	10.7324217
13/06/04	10.048	17.6	10.7324217
14/06/04	9.661	17.6	10.67235218
15/06/04	44.883	17.6	17.11981447
16/06/04	2.373	17.6	12.41436839
17/06/04	3.62	17.6	10.67235218
18/06/04	8.86	17.6	9.611123915
19/06/04	14.721	17.6	9.871425188
20/06/04	18.711	17.6	13.05510998
21/06/04	8.731	17.6	10.05163376
22/06/04	0.013	17.6	9.370845817
23/06/04	20.206	17.6	8.930335971
24/06/04	4.641	17.6	9.991564236
25/06/04	25.591	17.6	10.29191186
26/06/04	5.05	17.6	10.35198138
27/06/04	0.372	17.6	9.290753118
28/06/04	3.793	17.6	9.290753118
29/06/04	3.407	17.6	9.671193439
30/06/04	15.664	17.6	10.8926071
01/07/04	0.756	17.6	9.671193439
02/07/04	16.206	17.6	9.230683593
03/07/04	4.116	17.6	10.33195821
04/07/04	1.053	17.6	9.230683593
05/07/04	19.592	17.6	9.951517887
06/07/04	32.207	17.6	13.87606015
07/07/04	6.498	17.6	10.79249123
08/07/04	8.483	17.6	10.67235218
09/07/04	11.462	17.6	11.19295473
10/07/04	34.452	17.6	9.871425188
11/07/04	10.635	17.6	15.65812271
12/07/04	2.221	17.6	11.01274615
13/07/04	20.041	17.6	11.67351092
14/07/04	35.731	17.6	15.13752017
15/07/04	0.775	17.6	12.23415982
16/07/04	14.215	17.6	11.97385854
17/07/04	6.922	17.6	11.2930706
18/07/04	0.827	17.6	10.59225948
19/07/04	8.74	17.6	10.33195821
20/07/04	5.176	17.6	10.33195821
21/07/04	20.546	17.6	12.35429887
22/07/04	1.078	17.6	10.11170329
23/07/04	37.397	17.6	14.2364773
24/07/04	44.903	17.6	23.22688279
25/07/04	0.246	17.6	12.99504046
26/07/04	0.816	17.6	11.43323282
27/07/04	0.09	17.6	10.55221313
28/07/04	33.574	17.6	14.89724207
29/07/04	2.385	17.6	10.79249123
30/07/04	9.701	17.6	10.49214361
31/07/04	16.371	17.6	11.2129779
01/08/04	0.761	17.6	10.05163376
02/08/04	6.177	17.6	9.791332488
03/08/04	1.625	17.6	9.130567719
04/08/04	5.102	17.6	8.930335971
05/08/04	23.432	17.6	11.91378902
06/08/04	4.248	17.6	9.290753118
07/08/04	1.136	17.6	8.730104223
08/08/04	0.398	17.6	8.4297566
09/08/04	10.063	17.6	8.569918824
10/08/04	1.177	17.6	7.989246754
11/08/04	3.109	17.6	8.069339453
12/08/04	1.565	17.6	7.809038181
13/08/04	4.175	17.6	7.38855151
14/08/04	21.658	17.6	9.030451845
15/08/04	25.892	17.6	11.31309377
16/08/04	10.555	17.6	9.070498195
17/08/04	4.91	17.6	8.950359146
18/08/04	56.621	17.6	21.42479706
19/08/04	8.272	17.6	9.671193439
20/08/04	6.161	17.6	8.5098493
21/08/04	0	17.6	7.548736908
22/08/04	3.789	17.6	7.108227062
23/08/04	38.302	17.6	13.55568935
24/08/04	3.962	17.6	8.870266446
25/08/04	4.926	17.6	7.728945482
26/08/04	7.83	17.6	7.468644209
27/08/04	21.587	17.6	9.150590894
28/08/04	3.534	17.6	7.628829607
29/08/04	10.479	17.6	7.428597859
30/08/04	10.641	17.6	8.089362628
31/08/04	1.483	17.6	6.948041663
01/09/04	8.578	17.6	6.747809915
02/09/04	0.888	17.6	6.347346419
03/09/04	3.487	17.6	6.006952447
04/09/04	8.805	17.6	6.567601342
05/09/04	19.214	17.6	8.049316279
06/09/04	40.011	17.6	16.27884113
07/09/04	46.374	17.6	19.76287355
08/09/04	11.157	17.6	13.23531856
09/09/04	38.322	17.6	16.95962907
10/09/04	12.724	17.6	12.85487824
11/09/04	22.694	17.6	13.21529538
12/09/04	1.871	17.6	10.49214361
13/09/04	16.184	17.6	11.2129779
14/09/04	13.531	17.6	11.09283885
15/09/04	16.404	17.6	10.77246805
16/09/04	1.882	17.6	9.190637244
17/09/04	23.94	17.6	10.91263028
18/09/04	8.222	17.6	9.01042867
19/09/04	13.796	17.6	9.63114709
20/09/04	9.758	17.6	9.310776292
21/09/04	26.45	17.6	14.0762919
22/09/04	22.729	17.6	12.19411347
23/09/04	0.625	17.6	10.13172646
24/09/04	0.321	17.6	8.97038232
25/09/04	4.041	17.6	8.309617551
26/09/04	4.371	17.6	7.789015006
27/09/04	2.114	17.6	7.428597859
28/09/04	39.213	17.6	15.97849351
29/09/04	15.508	17.6	10.67235218
30/09/04	14.286	17.6	10.19179598
01/10/04	21.459	17.6	11.03276933
02/10/04	15.247	17.6	10.91263028
03/10/04	10.618	17.6	10.75244488
04/10/04	3.488	17.6	9.571077565
05/10/04	3.549	17.6	8.850243272
06/10/04	10.761	17.6	9.230683593
07/10/04	2.29	17.6	8.149432153
08/10/04	25.751	17.6	11.2930706
09/10/04	0.117	17.6	8.269571202
10/10/04	12.978	17.6	9.851402013
11/10/04	1.772	17.6	7.949200405
12/10/04	21.501	17.6	9.310776292
13/10/04	21.684	17.6	11.6935341
14/10/04	3.599	17.6	9.290753118
15/10/04	13.542	17.6	10.27188868
16/10/04	1.177	17.6	8.589941999
17/10/04	7.037	17.6	8.4297566
18/10/04	16.168	17.6	9.911471537
19/10/04	4.94	17.6	8.349663901
20/10/04	3.036	17.6	7.748968656
21/10/04	9.19	17.6	8.109385803
22/10/04	19.614	17.6	10.61228266
23/10/04	2.923	17.6	8.209501677
24/10/04	2.923	17.6	7.909154055
25/10/04	1.437	17.6	7.208342936
26/10/04	24.208	17.6	9.130567719
27/10/04	4.169	17.6	8.169455328
28/10/04	10.051	17.6	8.189478502
29/10/04	5.654	17.6	7.88913088
30/10/04	3.273	17.6	7.30845881
31/10/04	1.34	17.6	6.887972139
01/11/04	8.8	17.6	6.787856265
02/11/04	2.234	17.6	6.587624517
03/11/04	2.463	17.6	6.407415943
04/11/04	45.833	17.6	9.531031216
05/11/04	9.769	17.6	10.85256075
06/11/04	55.556	17.6	15.51796049
07/11/04	161.388	17.6	37.44333692
08/11/04	110.162	17.6	81.49432153
09/11/04	36.31	17.6	52.46071804
10/11/04	0.735	17.6	29.23383524
11/11/04	0.013	17.6	21.42479706
12/11/04	0.144	17.6	17.60037067
13/11/04	2.243	17.6	15.31772874
14/11/04	52.826	17.6	16.11865573
15/11/04	42.281	17.6	35.24078769
16/11/04	21.674	17.6	23.82757804
17/11/04	2.072	17.6	20.02317482
18/11/04	2.051	17.6	16.95962907
19/11/04	0.392	17.6	15.05742747
20/11/04	5.299	17.6	13.97617603
21/11/04	11.731	17.6	13.77594428
22/11/04	4.961	17.6	13.23531856
23/11/04	8.842	17.6	12.87490141
24/11/04	0.21	17.6	11.67351092
25/11/04	26.48	17.6	11.3731633
26/11/04	0.606	17.6	13.41552713
27/11/04	5.755	17.6	11.11286203
28/11/04	1.957	17.6	10.45209726
29/11/04	1.35	17.6	9.971541062
30/11/04	0.088	17.6	9.470961691
01/12/04	9.393	17.6	9.330799467
02/12/04	2.169	17.6	9.63114709
03/12/04	0.153	17.6	8.730104223
04/12/04	0	17.6	8.409733425
05/12/04	0.082	17.6	8.049316279
06/12/04	14.112	17.6	7.969223579
07/12/04	3.161	17.6	8.249548027
08/12/04	1.866	17.6	7.628829607
09/12/04	2.788	17.6	7.528713733
10/12/04	0.048	17.6	7.208342936
11/12/04	0.249	17.6	7.068180712
12/12/04	0.051	17.6	6.787856265
13/12/04	2.527	17.6	6.587624517
14/12/04	53.688	17.6	8.97038232
15/12/04	63.951	17.6	16.5391424
16/12/04	65.788	17.6	30.23499398
17/12/04	22.115	17.6	24.62850503
18/12/04	56.442	17.6	19.54261863
19/12/04	91.821	17.6	34.0393972
20/12/04	50.183	17.6	50.85886405
21/12/04	1.121	17.6	26.83105426
22/12/04	0.063	17.6	19.82294307
23/12/04	0.107	17.6	16.19874843
24/12/04	0.1	17.6	14.35661635
25/12/04	0.335	17.6	13.11517951
26/12/04	36.557	17.6	12.13404394
27/12/04	96.031	17.6	23.42711454
28/12/04	71.073	17.6	53.66210852
29/12/04	32.404	17.6	30.03476223
30/12/04	2.05	17.6	22.62618755
31/12/04	4.82	17.6	18.44134401
01/01/05	7.596	17.6	16.05858621
